10
101
1000
1111
10001
10100
11011
11110
100000
100111
101010
101101
110011
110110
111001
111100
1000001
1000100
1001011
1001110
1010000
1010111
1011010
1011101
1100011
1100110
1101001
1101100
1110010
1110101
1111000
1111111
10000000
10000111
10001010
10001101
10010011
10010110
10011001
10011100
10100010
10100101
10101000
10101111
10110001
10110100
10111011
10111110
11000011
11000110
11001001
11001100
11010010
11010101
11011000
11011111
11100001
11100100
11101011
11101110
11110000
11110111
11111010
11111101
100000001
100000100
100001011
100001110
100010000
100010111
100011010
100011101
100100011
100100110
100101001
100101100
100110010
100110101
100111000
100111111
101000000
101000111
101001010
101001101
101010011
101010110
101011001
101011100
101100010
101100101
101101000
101101111
101110001
101110100
101111011
101111110
110000011
110000110
110001001
110001100
110010010
110010101
110011000
110011111
110100001
110100100
110101011
110101110
110110000
110110111
110111010
110111101
111000010
111000101
111001000
111001111
111010001
111010100
111011011
111011110
111100000
111100111
111101010
111101101
111110011
111110110
111111001
111111100
1000000000
1000000111
1000001010
1000001101
1000010011
1000010110
1000011001
1000011100
1000100010
1000100101
1000101000
1000101111
1000110001
1000110100
1000111011
1000111110
1001000011
1001000110
1001001001
1001001100
1001010010
1001010101
1001011000
1001011111
1001100001
1001100100
1001101011
1001101110
1001110000
1001110111
1001111010
1001111101
1010000010
1010000101
1010001000
1010001111
1010010001
1010010100
1010011011
1010011110
1010100000
1010100111
1010101010
1010101101
1010110011
1010110110
1010111001
1010111100
1011000001
1011000100
1011001011
1011001110
1011010000
1011010111
1011011010
1011011101
1011100011
1011100110
1011101001
1011101100
1011110010
1011110101
1011111000
1011111111
1100000011
1100000110
1100001001
1100001100
1100010010
1100010101
1100011000
1100011111
1100100001
1100100100
1100101011
1100101110
1100110000
1100110111
1100111010
1100111101
1101000010
1101000101
1101001000
1101001111
1101010001
1101010100
1101011011
1101011110
1101100000
1101100111
1101101010
1101101101
1101110011
1101110110
1101111001
1101111100
1110000001
1110000100
1110001011
1110001110
1110010000
1110010111
1110011010
1110011101
1110100011
1110100110
1110101001
1110101100
1110110010
1110110101
1110111000
1110111111
1111000000
1111000111
1111001010
1111001101
1111010011
1111010110
1111011001
1111011100
1111100010
1111100101
1111101000
1111101111
1111110001
1111110100
1111111011
1111111110
