1
100
1011
1110
10000
10111
11010
11101
100011
100110
101001
101100
110010
110101
111000
111111
1000000
1000111
1001010
1001101
1010011
1010110
1011001
1011100
1100010
1100101
1101000
1101111
1110001
1110100
1111011
1111110
10000011
10000110
10001001
10001100
10010010
10010101
10011000
10011111
10100001
10100100
10101011
10101110
10110000
10110111
10111010
10111101
11000010
11000101
11001000
11001111
11010001
11010100
11011011
11011110
11100000
11100111
11101010
11101101
11110011
11110110
11111001
11111100
100000000
100000111
100001010
100001101
100010011
100010110
100011001
100011100
100100010
100100101
100101000
100101111
100110001
100110100
100111011
100111110
101000011
101000110
101001001
101001100
101010010
101010101
101011000
101011111
101100001
101100100
101101011
101101110
101110000
101110111
101111010
101111101
110000010
110000101
110001000
110001111
110010001
110010100
110011011
110011110
110100000
110100111
110101010
110101101
110110011
110110110
110111001
110111100
111000001
111000100
111001011
111001110
111010000
111010111
111011010
111011101
111100011
111100110
111101001
111101100
111110010
111110101
111111000
111111111
1000000011
1000000110
1000001001
1000001100
1000010010
1000010101
1000011000
1000011111
1000100001
1000100100
1000101011
1000101110
1000110000
1000110111
1000111010
1000111101
1001000010
1001000101
1001001000
1001001111
1001010001
1001010100
1001011011
1001011110
1001100000
1001100111
1001101010
1001101101
1001110011
1001110110
1001111001
1001111100
1010000001
1010000100
1010001011
1010001110
1010010000
1010010111
1010011010
1010011101
1010100011
1010100110
1010101001
1010101100
1010110010
1010110101
1010111000
1010111111
1011000000
1011000111
1011001010
1011001101
1011010011
1011010110
1011011001
1011011100
1011100010
1011100101
1011101000
1011101111
1011110001
1011110100
1011111011
1011111110
1100000010
1100000101
1100001000
1100001111
1100010001
1100010100
1100011011
1100011110
1100100000
1100100111
1100101010
1100101101
1100110011
1100110110
1100111001
1100111100
1101000001
1101000100
1101001011
1101001110
1101010000
1101010111
1101011010
1101011101
1101100011
1101100110
1101101001
1101101100
1101110010
1101110101
1101111000
1101111111
1110000000
1110000111
1110001010
1110001101
1110010011
1110010110
1110011001
1110011100
1110100010
1110100101
1110101000
1110101111
1110110001
1110110100
1110111011
1110111110
1111000011
1111000110
1111001001
1111001100
1111010010
1111010101
1111011000
1111011111
1111100001
1111100100
1111101011
1111101110
1111110000
1111110111
1111111010
1111111101
