11
110
1001
1100
10010
10101
11000
11111
100001
100100
101011
101110
110000
110111
111010
111101
1000010
1000101
1001000
1001111
1010001
1010100
1011011
1011110
1100000
1100111
1101010
1101101
1110011
1110110
1111001
1111100
10000001
10000100
10001011
10001110
10010000
10010111
10011010
10011101
10100011
10100110
10101001
10101100
10110010
10110101
10111000
10111111
11000000
11000111
11001010
11001101
11010011
11010110
11011001
11011100
11100010
11100101
11101000
11101111
11110001
11110100
11111011
11111110
100000010
100000101
100001000
100001111
100010001
100010100
100011011
100011110
100100000
100100111
100101010
100101101
100110011
100110110
100111001
100111100
101000001
101000100
101001011
101001110
101010000
101010111
101011010
101011101
101100011
101100110
101101001
101101100
101110010
101110101
101111000
101111111
110000000
110000111
110001010
110001101
110010011
110010110
110011001
110011100
110100010
110100101
110101000
110101111
110110001
110110100
110111011
110111110
111000011
111000110
111001001
111001100
111010010
111010101
111011000
111011111
111100001
111100100
111101011
111101110
111110000
111110111
111111010
111111101
1000000001
1000000100
1000001011
1000001110
1000010000
1000010111
1000011010
1000011101
1000100011
1000100110
1000101001
1000101100
1000110010
1000110101
1000111000
1000111111
1001000000
1001000111
1001001010
1001001101
1001010011
1001010110
1001011001
1001011100
1001100010
1001100101
1001101000
1001101111
1001110001
1001110100
1001111011
1001111110
1010000011
1010000110
1010001001
1010001100
1010010010
1010010101
1010011000
1010011111
1010100001
1010100100
1010101011
1010101110
1010110000
1010110111
1010111010
1010111101
1011000010
1011000101
1011001000
1011001111
1011010001
1011010100
1011011011
1011011110
1011100000
1011100111
1011101010
1011101101
1011110011
1011110110
1011111001
1011111100
1100000000
1100000111
1100001010
1100001101
1100010011
1100010110
1100011001
1100011100
1100100010
1100100101
1100101000
1100101111
1100110001
1100110100
1100111011
1100111110
1101000011
1101000110
1101001001
1101001100
1101010010
1101010101
1101011000
1101011111
1101100001
1101100100
1101101011
1101101110
1101110000
1101110111
1101111010
1101111101
1110000010
1110000101
1110001000
1110001111
1110010001
1110010100
1110011011
1110011110
1110100000
1110100111
1110101010
1110101101
1110110011
1110110110
1110111001
1110111100
1111000001
1111000100
1111001011
1111001110
1111010000
1111010111
1111011010
1111011101
1111100011
1111100110
1111101001
1111101100
1111110010
1111110101
1111111000
1111111111
