0
111
1010
1101
10011
10110
11001
11100
100010
100101
101000
101111
110001
110100
111011
111110
1000011
1000110
1001001
1001100
1010010
1010101
1011000
1011111
1100001
1100100
1101011
1101110
1110000
1110111
1111010
1111101
10000010
10000101
10001000
10001111
10010001
10010100
10011011
10011110
10100000
10100111
10101010
10101101
10110011
10110110
10111001
10111100
11000001
11000100
11001011
11001110
11010000
11010111
11011010
11011101
11100011
11100110
11101001
11101100
11110010
11110101
11111000
11111111
100000011
100000110
100001001
100001100
100010010
100010101
100011000
100011111
100100001
100100100
100101011
100101110
100110000
100110111
100111010
100111101
101000010
101000101
101001000
101001111
101010001
101010100
101011011
101011110
101100000
101100111
101101010
101101101
101110011
101110110
101111001
101111100
110000001
110000100
110001011
110001110
110010000
110010111
110011010
110011101
110100011
110100110
110101001
110101100
110110010
110110101
110111000
110111111
111000000
111000111
111001010
111001101
111010011
111010110
111011001
111011100
111100010
111100101
111101000
111101111
111110001
111110100
111111011
111111110
1000000010
1000000101
1000001000
1000001111
1000010001
1000010100
1000011011
1000011110
1000100000
1000100111
1000101010
1000101101
1000110011
1000110110
1000111001
1000111100
1001000001
1001000100
1001001011
1001001110
1001010000
1001010111
1001011010
1001011101
1001100011
1001100110
1001101001
1001101100
1001110010
1001110101
1001111000
1001111111
1010000000
1010000111
1010001010
1010001101
1010010011
1010010110
1010011001
1010011100
1010100010
1010100101
1010101000
1010101111
1010110001
1010110100
1010111011
1010111110
1011000011
1011000110
1011001001
1011001100
1011010010
1011010101
1011011000
1011011111
1011100001
1011100100
1011101011
1011101110
1011110000
1011110111
1011111010
1011111101
1100000001
1100000100
1100001011
1100001110
1100010000
1100010111
1100011010
1100011101
1100100011
1100100110
1100101001
1100101100
1100110010
1100110101
1100111000
1100111111
1101000000
1101000111
1101001010
1101001101
1101010011
1101010110
1101011001
1101011100
1101100010
1101100101
1101101000
1101101111
1101110001
1101110100
1101111011
1101111110
1110000011
1110000110
1110001001
1110001100
1110010010
1110010101
1110011000
1110011111
1110100001
1110100100
1110101011
1110101110
1110110000
1110110111
1110111010
1110111101
1111000010
1111000101
1111001000
1111001111
1111010001
1111010100
1111011011
1111011110
1111100000
1111100111
1111101010
1111101101
1111110011
1111110110
1111111001
1111111100
