011011111001111010100011101000111111001011
001101110101101010101110100010100110010011
101001100100110101100110100010001001010001
100110000100000000101101001001011011100100
001100011110110111111101101100100111110001
001001000011110111010010110000110000010011
100011100000001001011100000010010000010110
101100010001100010100100111110110000011001
010011110111101011000100110000101110010011
001100000100110101100110000010001110000000
100100011011100100111001111110101101101111
011111001000010111100001001010101011010011
100100000101100101101100010000001110111011
010010111011101011011100111010111101110101
010010110001011001000100001101111101100010
100011110000101001000110001010110100101011
101011110110111001010100100100011001100011
101011011010001000110000000110001111000010
101111011101010111001000111110001000100000
101001100111100110010111000001110100010011
011101111111100001010100011100010000100110
001001011000010001001110110000100001110110
000001100001100100100001100010111111111110
011100000101000100010010010001110011001010
100001000010000110011000011000000010100000
000011111110010001111101110101110001001111
000000000110110000101101100101110011100010
000110011000001000110010100000101001010101
100001010011100011001010100101101110110110
000001011000100010010111101010101001101111
010011100101000001011001010001001101001010
100100101000010000010100111010100100010000
001011001010110001101010000001101101010110
000110000000010010110100000100111111011001
100101100010110111000001110101111011000011
010010011010100011001101010010001011011101
010011100110111001111101100010011110000011
001000011101101001001110011100001111111001
101111011000010000111111111010000101001110
101111100100000000011110000001110000100101
101111111111100000000000100110111111100110
001101001001001010010111100000000110000110
100100111000100110110010111000000110111010
001111110110010100001011011000111011000010
001000011111100111001000010001001111101101
001110001101001001100101110110010110001011
101010011011110101101001111100000011110010
010100101010110000010101001110110111100000
000110011111110000100010000001110110010111
011100010011110111111011000010010010100001
010100010010110001010110010110011001010000
001111110101011000100000000110111010011111
011100111000101001100010010010010011010110
000011111010101000011001001110011010100010
011100100100011010010010001000101111001000
010011111000000110111100011010001111000001
100001001111011000011000011000101110111000
101011110110000011100011010110011010111111
000100100100000000001001000110010110000011
101110011011010011011000001100110110110110
101011010010100110100101101100111110001010
100110011111000011010011011000111110010001
100101111110111001100000110100000110100100
010111100001101011101001111000000111011100
011000011010100111110111101000100010000010
000001111011011001010101011001010100011111
011111000100000111001110011110010010111101
011010101111011000001010010110100110100011
000101011000100110001110101000100011001001
100011010100101011000100100010011001111100
100110101111110000110011101101100001101010
100000011101111000010101110100101110101011
010100110101000101101000011100101000000110
100110101000100011110110110100010010010000
100100010010010100010110010000100001011111
011011101110101000110010000100110010110000
001011110010000010010101110000000110010100
000110010111100010011010110001001111100000
101011100000000010001001010110100110111010
010101000111110000000111011010110000010111
100111001110000111000011011000111011000100
011010010010100111101111111101101010111101
001111100100010010110001010110111001001110
100111011111110000001000001010111000010100
001101110010110110110000001110101010011111
000000000001110000000011000100000101010111
001100010100100101110001101100010010111000
000011010011010001001110111110100010001101
001100110101010001011100101101010001011011
001100001100000001011110100010101000000001
100000100111001010001110101000001011001101
011000001110110000010101111001111111111010
001101110100000101010000011110101010100100
000000110110001001100011110100001011001100
000010111111111010011101001000100110010010
011010011010111010100011000001101011011001
100111010111000110001100101100000110100000
001100100111010101001111100110001100110011
000101000000101000110111111110111001001011
101001010101111001111111100001101011011101
000111111001010100011000110110101100111111
100010011101000010111101011010000001111010
010010010101010010010011100101111001101000
011110101001100100000001001100110000001111
100111000011001010001100111010101001111000
101011000000010011110111101100101010011101
101100011110010101111111111000100011010100
101111111010010000100100000010101000000010
011010010101101001100111001001100100110101
000111000010100010110101110001001111101110
011110110001100011010110101001001101100011
010011111011110000001101101001100100101100
000100110001111000100011100010011000100001
000011011100010001111010001000001111110110
010101010101011001001011111100111000010111
000011111101111001111111111001110011000101
001010010011011010001111010010000010011011
001111011010001001010100111100110100011111
001000011110110110011001101010100001111001
010101111001000110010001010100010001000100
101011000100000010100101111110000110100011
100100100001001010000100101001111110000011
001110111111010000010101101101000010000011
011001111000111000010101010010111110000100
001100100101010010110110110101111101110011
100100100000001001000100000000010001110000
100011011000010000001010111000101101101110
001010010010010001101001110110001101011011
010010111101110000101101001101111001111000
001111110100101000110000111001011111101111
101100001011010001110100001010011111101101
000011010011001011100101011110001110100110
010001111011100100101001001001111011001101
010010010011000011111001011100100011100011
011100100001101001010011001010101000010011
011011111100101000001000000001011000010101
001110010101100000001001110001110000111010
010101111100100011101011110001001011111100
010011101100110101110001010001010110000100
010110100111010000011010001010101110010110
001100000100101011100011110000010010011000
000010010000100010001110100100110110100111
011101110011001010000001001000111101111001
101110001111110101101111010010011111110000
100101110000110101001101010100011011011100
001011111110010101010011010100001001000011
011000111101010111011000000000110000101010
011001101110100111010101101101011101100011
011101100100100001010000110101011101001110
000001010101110110111000100010001001110100
011011101001100111111011100010011100001100
010001101110101001001001100110001010100111
000100101110001000111100101001110110101100
010101001001000100111100000100001101110001
001101101110110100101010110000101001001101
100011001100110100100101101010100001111010
000100110000101000101000110001101010101100
101001010110000110101010010101111011000110
000010110011001000100110011100011000010011
101110011000010000111111001010011011100011
001000011101000000110001001101110000010010
101010000000011011110100000110111111101001
000101010111010100110011000010011001001100
001001011111010001010010100100010100000000
000010110011011010000000000001010110101011
001000000100011011111100011100110000110000
100010001100110011011100110000110111010000
001101101001111011110001000001011000001110
101001001001011011000001011000111101100101
101011000001100011011001010100110001010010
010010111111000000001000111000011110010000
101011011010010110011101000001111011111001
101010010111001010111011000010110010110100
001000111000110001111010010000010100000010
010011110001111011001000110001001001111010
010000101010110111000111000010010011110001
101010000100110110001000100100011010101010
011000100111101001001110010101101001101011
100101001100001011000011001010000100100100
000010010000110011010110111010111100101001
011000101100110100000111010000100010100101
100010110110010000101010010101010111110010
011111100000110110000101101000110000010010
010000100011100110010000111100110110101110
101101111001011000101111100101110001001110
001101000111110001100010101101110010000110
001110010111101001100011100000110100100000
010100010110011011100101001000111011100000
101000011110010101110001001001010000001111
001100010110110001010010101101100011110101
000101011011011011111100110100010111100010
010111111011111001010011001110110100010010
010001001101000011000110011001011001000111
000111001000100011110111010110111000111111
000100011100000000001001011110111000000011
010001100010011001001110101010110110111111
001110011111001001111011001000101000111110
100000011110101001000010110010010010000000
000101100010010100101010111001001011110111
011001001101100110100010011100010101111110
011110011010000101101111111000110010100000
010011001111001011100101110000111011111101
000101001011110011100001001010110111001010
000011111101101000000001000101000010110001
001111011001100101111011010001011000011110
001110101000000111111000110001010111100100
010011111011100010001111111010001001101001
001001111000000000011111100010000010011001
011010001011011011011010010000010011110001
001010100111011000011111000100001101001100
010110110011000101111011110110110101010111
001100100000000011001011111110000000101111
001000110101000111011111000101111000010011
010001101001100000010010011101010111011110
001010101010100101101000011010101111111100
000100100010000101111101001110000111011001
100111001101000000101000110001011001011100
011011110011110000010100010100110100001111
000000101111011010111000011101001000000000
101100101000001010101000010110011110011010
101001000111101011000100110100000000010100
001001101011101000000101000100100110001010
101001000010101000010100111110011110011101
010000011000100011111110110101001101001011
011110001011001001001001101000111101110111
101010000001110101110110011000101101001110
010110110010001000010111000110011001101010
100000111001000001001000011100010100100010
101001001110111000000011000000111101101011
001011001110011000000001001001001010000011
101011101000010000111001101010111010010101
101100111010101010111101111100010011001010
101111111011000000011011100100101111010100
101011111110110011111100111010101010000000
010010001010011000111011001101000000101010
001110111011010000101100010101010110000101
001011011100010001010010011101000111111101
000011011010100001111010011000110000110001
001001000000110001000101100010010000111000
000000101010100100001110001010010111011001
101101011110010010000001111001010001111110
000110001001010100001001000010001010110010
101110000010110110000101000010010000011111
001110110100011000100000111100010110111100
001010001010101011001011111000100110110011
011011011001100011010000000100000111111010
000111111100111011110101100100100010100100
101011000111100100001100101001011010011000
101000101001110010101000010010001100110101
010010111000100110000001011110100011010101
011111111100000110111100000100000101111001
100100111101011001100000011010111001111001
001111000000001010110101000100000101110111
011101010111110101110100100100101011011000
011001110110001010000101011110001010110001
010100101001110111000000111100110110110111
011010111000110001100011101010010111110010
001101011110110001010101000010101111110011
011001011011000110000001101001100000110101
101011001010000011110111010001100000111100
100101101011100101001011000110010100010001
000111001110010010011001101110111100010010
011111001101000011100100100001010101011000
100011001111010000101010101101000111001010
000001110010011011111100000101110111000011
011110011010011000111100111001110011010000
001101111110101001000001001110011100001110
000010000100101010010010111001111101110110
100010011101110110101001001100110101000001
101100100100101010011110001100000010010010
010000011110101001000111110100011100001100
000011110101100101101001011000000110010110
100010100000111001100011101001100000110011
101000000000110111101011000000001001111100
001100111101010011101111101010100100111000
100100011101000110001110001000101110000011
000000100010110110110111100001100111011001
000000101101000111101000111001101101100110
101010100000000110100110000010100010100111
011110000001000111010100110001101011011111
000000110011000100101000110110100000001110
010010100000110101111110011000110101111011
100100001011010001001010011010010110101110
011010011100111000010001011101000100011010
101110100101011001011000011001011010010101
101010010001010100010110000101100111011000
101010110000011011110110111000001110110000
100010101100100110101011000101110111001000
100110010011101000010011010001101101011010
101011001011010011110001010010010011110101
001100001100010111100100100100000001001000
011011100000110101010100010101110100011111
000100001000011010111110011110000100000001
010101110111100000101000111010101111111011
011001101001010001101010011000101101110001
101000100111010011011110110100011010010001
101011111111000001111100001101110111011000
101010110111110101111111100010101110100001
011001110001110110101101101000101100001011
001011010011100110010001101101100101010001
100000100101101000011100011000001100010111
010111010001110110100110100010111000001011
001001100010100011000111111110000011111011
100000100010100101000101011010100010010100
010011111110111011111100100110000100110000
001101000011110100110101010000000010101010
101111111011010000011001000001000011000001
000101111100100110000000100010110010010111
010010000000001010010100000100001010001000
101110011010110100111101011100100110101110
000101011110110010000111100101111000101100
000000100100101000110100001100101111001011
010111110011101011011111011100011011110111
001101001011111010110000001100000010111101
011100110100000001111011010100101001110000
100010110000001001101101100100100010100001
001110111100010110100011101100001101100001
101111000100100111110001110100010010001000
010010001111101000000001011001010100100011
000011111000100100110011010001111001011011
010101010110000101001100001100100011001101
100100011111101000100100011110000011100100
101101100100110101110010010100010101000110
000010011111001010111111000000010111111010
010110001010001011000000011100011011000110
010001111000100101001101101110110010010010
101000110101010011100111111010001010000011
101110100010100101010100011010011100011101
100111011110000101111100110101111110000111
000001111110101010000001000000110111111010
001100110011000011110010011100001100001010
000101011100001000000110001100011010100101
001000101001000001111000001010110111101111
010111110001010000011101010010001100111101
100111010010100000010011110001111001010110
101011111100111000000110110110100011001000
001010111100001011101000001110111000111000
101000011010111010101011001010010001110100
001010110110000000111100110110011000011101
001010000011110110101100011000011111111110
011010100110111010110001101110111101110110
